-8 == 2   [191, 199]
-7 == 4   [181, 188, 292, 299]
-6 == 6   [171, 177, 282, 288, 393, 399]
-5 == 8   [161, 166, 272, 277, 383, 388, 494, 499]
-4 == 10  [151, 155, 262, 266, 373, 377, 484, 488, 595, 599]
-3 == 12  [141, 144, 252, 255, 363, 366, 474, 477, 585, 588, 696, 699]
-2 == 14  [131, 133, 242, 244, 353, 355, 464, 466, 575, 577, 686, 688, 797, 799]
-1 == 16  [121, 122, 232, 233, 343, 344, 454, 455, 565, 566, 676, 677, 787, 788, 898, 899]
0  == 81  [110, 112, 113, 114, 115, 116, 117, 118, 119, 220, 221, 223, 224, 225, 226, 227, 228, 229, 330, 331, 332, 334, 335, 336, 337, 338, 339, 440, 441, 442, 443, 445, 446, 447, 448, 449, 550, 551, 552, 553, 554, 556, 557, 558, 559, 660, 661, 662, 663, 664, 665, 667, 668, 669, 770, 771, 772, 773, 774, 775, 776, 778, 779, 880, 881, 882, 883, 884, 885, 886, 887, 889, 990, 991, 992, 993, 994, 995, 996, 997, 998]
1  == 18  [100, 101, 211, 212, 322, 323, 433, 434, 544, 545, 655, 656, 766, 767, 877, 878, 988, 989]
2  == 16  [200, 202, 311, 313, 422, 424, 533, 535, 644, 646, 755, 757, 866, 868, 977, 979]
3  == 14  [300, 303, 411, 414, 522, 525, 633, 636, 744, 747, 855, 858, 966, 969]
4  == 12  [400, 404, 511, 515, 622, 626, 733, 737, 844, 848, 955, 959]
5  == 10  [500, 505, 611, 616, 722, 727, 833, 838, 944, 949]
6  == 8   [600, 606, 711, 717, 822, 828, 933, 939]
7  == 6   [700, 707, 811, 818, 922, 929]
8  == 4   [800, 808, 911, 919]
9  == 2   [900, 909]
